recivers
narayanan.durai@unisys.com
